Unit=MM
XScale=271.501
YScale=1.00133

$COORD
0                      0.6112600148417837
0.001851851851851852   0.6104800531118608
0.003703703703703704   0.6081757281507512
0.005555555555555557   0.6044531055618283
0.007407407407407408   0.599486762516193
0.009259259259259259   0.5935160158642286
0.011111111111111113   0.5868388504889748
0.012962962962962964   0.5798030837911864
0.014814814814814815   0.5727945435109563
0.01666666666666667    0.5662224098001487
0.018518518518518517   0.5605022804213778
0.020370370370370372   0.5560378433445655
0.022222222222222227   0.553202190998946
0.024074074074074078   0.5523197577184014
0.02592592592592593    0.553649664241613
0.02777777777777778    0.5573710353040977
0.02962962962962963    0.5635707555653804
0.031481481481481485   0.572234223741259
0.03333333333333334    0.5832399194250434
0.03518518518518519    0.5963588544290375
0.037037037037037035   0.6112600148417837
0.038888888888888896   0.6275225190204103
0.040740740740740744   0.6446543704173731
0.042592592592592605   0.6621165251087465
0.04444444444444445    0.6793498472037356
0.046296296296296294   0.6958017696903088
0.048148148148148155   0.7109493917236018
0.05                   0.7243163902363279
0.05185185185185186    0.7354823381126933
0.05370370370370371    0.744084487228675
0.05555555555555556    0.7498134547244848
0.057407407407407414   0.7524052953363638
0.05925925925925926    0.7516330377591058
0.061111111111111116   0.7473009105429774
0.06296296296296297    0.7392442363225176
0.06481481481481483    0.7273373672784776
0.06666666666666668    0.7115110433113251
0.06851851851851852    0.6917790963735535
0.07037037037037037    0.6682724318714942
0.07222222222222223    0.6412757623843693
0.07407407407407407    0.6112600148417837
0.07592592592592594    0.5789014449739935
0.07777777777777779    0.5450783763694819
0.07962962962962963    0.5108392228036683
0.08148148148148149    0.4773414562975137
0.08333333333333333    0.44576943778659933
0.08518518518518521    0.41724683363822496
0.08703703703703705    0.3927630768718494
0.0888888888888889     0.3731302890362308
0.09074074074074075    0.35897743359238754
0.09259259259259259    0.3507757948758571
0.09444444444444446    0.348879318022291
0.09629629629629631    0.3535586425965462
0.09814814814814816    0.36500954362118593
0.1                    0.38332379278761564
0.10185185185185185    0.40842211881882806
0.10370370370370371    0.4399638668882644
0.10555555555555557    0.47726249580089236
0.10740740740740742    0.5192431283719975
0.10925925925925926    0.5644712436976586
0.11111111111111112    0.6112600148417835
0.11296296296296297    0.6578363562782682
0.11481481481481483    0.7025253239861248
0.11666666666666668    0.7439081525488906
0.11851851851851852    0.7809210707767429
0.12037037037037038    0.8128826400111351
0.12222222222222223    0.8394571019035619
0.12407407407407409    0.860573539216722
0.12592592592592594    0.8763239779680684
0.12777777777777777    0.8868601876540964
0.12962962962962965    0.8923026289797253
0.1314814814814815     0.8926690199367778
0.13333333333333336    0.887826240785074
0.1351851851851852     0.877468318320662
0.13703703703703704    0.86112455626706
0.1388888888888889     0.838204317918709
0.14074074074074075    0.8080866395542506
0.1425925925925926     0.7702611358114759
0.14444444444444446    0.7245184220845895
0.14629629629629629    0.6711710154768866
0.14814814814814814    0.6112600148417842
0.15000000000000002    0.546676126530793
0.15185185185185188    0.48011208572084635
0.15370370370370373    0.414788804305345
0.15555555555555559    0.35397256654700704
0.1574074074074074     0.3004083420077615
0.15925925925925927    0.2558769436179474
0.16111111111111112    0.22106712840325926
0.16296296296296298    0.19581146666689886
0.16481481481481483    0.17954337713547525
0.16666666666666666    0.17173784855015767
0.16851851851851854    0.17218094626798014
0.17037037037037042    0.181081777261482
0.17222222222222225    0.1991072026882523
0.1740740740740741     0.22731824825729188
0.17592592592592593    0.266873896520806
0.1777777777777778     0.31844190919299903
0.17962962962962967    0.38150219597472734
0.1814814814814815     0.4539098109114302
0.18333333333333335    0.5320043789351214
0.18518518518518517    0.6112600148417837
0.18703703703703706    0.6871928049136522
0.1888888888888889     0.7561626376023101
0.19074074074074077    0.815825806547097
0.19259259259259262    0.8651911577371734
0.19444444444444445    0.9043819907193135
0.19629629629629633    0.9342591495117966
0.19814814814814818    0.956036932842215
0.2                    0.9709673171254489
0.20185185185185187    0.9801153275130516
0.2037037037037037     0.984215113262963
0.20555555555555557    0.9835831393023908
0.20740740740740743    0.9780662862273402
0.20925925925925928    0.9670128027064302
0.21111111111111114    0.9492694576258127
0.21296296296296297    0.9232271230909701
0.21481481481481485    0.886957055218297
0.2166666666666667     0.8384948946691764
0.21851851851851853    0.7763245296557731
0.22037037037037038    0.700066255828527
0.22222222222222224    0.6112600148417849
0.2240740740740741     0.5148310891799976
0.22592592592592595    0.4180443767070181
0.2277777777777778     0.3282796039274866
0.22962962962962966    0.25170232423351135
0.2314814814814815     0.19141876175976152
0.23333333333333336    0.14690924622604876
0.23518518518518522    0.11527873802605577
0.23703703703703705    0.09356447116658453
0.2388888888888889     0.08040518672963767
0.24074074074074076    0.07592167203396542
0.2425925925925926     0.08040518672963677
0.24444444444444446    0.09356447116658362
0.24629629629629632    0.11527873802605487
0.24814814814814817    0.14690924622604604
0.25                   0.19141876175976127
0.2518518518518519     0.25170232423351185
0.25370370370370376    0.3282796039274873
0.25555555555555554    0.4180443767070198
0.2574074074074074     0.5148310891799965
0.2592592592592593     0.6112600148417834
0.2611111111111111     0.70073258758033
0.262962962962963      0.7787171652994143
0.26481481481481484    0.8430877397863978
0.2666666666666667     0.8937520762332646
0.2685185185185185     0.9319602167917431
0.2703703703703704     0.9596079770487871
0.27222222222222225    0.9786975551923163
0.2740740740740741     0.9909906188751259
0.2759259259259259     0.9978199685378885
0.2777777777777778     1.0000046817261843
0.2796296296296297     0.9978199685378887
0.2814814814814815     0.9909906188751264
0.2833333333333334     0.9786975551923158
0.2851851851851852     0.9596079770487871
0.28703703703703703    0.9319602167917431
0.2888888888888889     0.8937520762332638
0.2907407407407408     0.8430877397863968
0.29259259259259257    0.7787171652994135
0.29444444444444445    0.7007325875803306
0.2962962962962963     0.6112600148417852
0.29814814814814816    0.5148310891799975
0.30000000000000004    0.41804437670702094
0.30185185185185187    0.3282796039274866
0.30370370370370375    0.2517023242335098
0.3055555555555556     0.19141876175976152
0.30740740740740746    0.14690924622604876
0.30925925925925923    0.11527873802605487
0.31111111111111117    0.09356447116658453
0.312962962962963      0.08040518672963586
0.3148148148148148     0.07592167203396542
0.3166666666666667     0.08040518672963677
0.31851851851851853    0.09356447116658362
0.3203703703703704     0.11527873802605441
0.32222222222222224    0.14690924622604604
0.3240740740740741     0.1914187617597604
0.32592592592592595    0.25170232423351163
0.3277777777777778     0.32827960392748534
0.32962962962962966    0.41804437670701916
0.33148148148148154    0.5148310891799994
0.3333333333333333     0.6112600148417834
0.33518518518518525    0.7007325875803301
0.3370370370370371     0.7787171652994124
0.3388888888888889     0.8430877397863971
0.34074074074074084    0.8937520762332655
0.3425925925925926     0.9319602167917429
0.3444444444444445     0.9596079770487871
0.34629629629629627    0.9786975551923156
0.3481481481481482     0.9909906188751259
0.35000000000000003    0.9978199685378888
0.35185185185185186    1.0000046817261843
0.35370370370370374    0.9978199685378887
0.3555555555555556     0.9909906188751261
0.35740740740740745    0.9786975551923159
0.35925925925925933    0.9596079770487872
0.36111111111111116    0.9319602167917432
0.362962962962963      0.8937520762332641
0.3648148148148149     0.8430877397863957
0.3666666666666667     0.7787171652994135
0.3685185185185186     0.7007325875803293
0.37037037037037035    0.6112600148417852
0.3722222222222223     0.5148310891799979
0.3740740740740741     0.4180443767070169
0.37592592592592594    0.32827960392748595
0.3777777777777778     0.2517023242335098
0.37962962962962965    0.1914187617597622
0.38148148148148153    0.14690924622604604
0.3833333333333334     0.11527873802605396
0.38518518518518524    0.09356447116658227
0.38703703703703707    0.08040518672963767
0.3888888888888889     0.07592167203396542
0.3907407407407408     0.08040518672963767
0.39259259259259266    0.09356447116658362
0.39444444444444443    0.11527873802605669
0.39629629629629637    0.14690924622604967
0.3981481481481482     0.19141876175976105
0.4                    0.2517023242335096
0.40185185185185196    0.3282796039274907
0.40370370370370373    0.41804437670701894
0.4055555555555556     0.5148310891799994
0.4074074074074074     0.6112600148417809
0.4092592592592593     0.700732587580332
0.41111111111111115    0.7787171652994156
0.412962962962963      0.8430877397863958
0.41481481481481486    0.8937520762332644
0.4166666666666667     0.9319602167917428
0.41851851851851857    0.9596079770487873
0.42037037037037045    0.9786975551923159
0.4222222222222223     0.9909906188751261
0.4240740740740741     0.9978199685378888
0.42592592592592593    1.0000046817261843
0.4277777777777778     0.9978199685378888
0.4296296296296297     0.9909906188751255
0.43148148148148147    0.9786975551923159
0.4333333333333334     0.9596079770487872
0.43518518518518523    0.9319602167917426
0.43703703703703706    0.8937520762332641
0.438888888888889      0.8430877397863957
0.44074074074074077    0.7787171652994149
0.44259259259259265    0.7007325875803279
0.4444444444444445     0.6112600148417849
0.44629629629629636    0.5148310891799979
0.4481481481481482     0.41804437670701844
0.45                   0.3282796039274875
0.4518518518518519     0.2517023242335096
0.4537037037037037     0.1914187617597624
0.4555555555555556     0.14690924622604556
0.4574074074074075     0.11527873802605396
0.4592592592592593     0.09356447116658227
0.46111111111111114    0.08040518672963767
0.462962962962963      0.07592167203396542
0.46481481481481485    0.08040518672963767
0.46666666666666673    0.09356447116658362
0.46851851851851856    0.11527873802605669
0.47037037037037044    0.1469092462260474
0.4722222222222222     0.19141876175976105
0.4740740740740741     0.25170232423351
0.475925925925926      0.32827960392749045
0.4777777777777778     0.41804437670701927
0.4796296296296297     0.5148310891799983
0.4814814814814815     0.6112600148417852
0.4833333333333334     0.7007325875803319
0.4851851851851852     0.7787171652994154
0.4870370370370371     0.8430877397863961
0.48888888888888893    0.893752076233264
0.4907407407407408     0.9319602167917428
0.49259259259259264    0.9596079770487873
0.4944444444444445     0.9786975551923159
0.49629629629629635    0.9909906188751261
0.49814814814814823    0.9978199685378888
0.5                    1.0000046817261843
0.501851851851852      0.9978199685378888
0.5037037037037038     0.9909906188751255
0.5055555555555555     0.9786975551923159
0.5074074074074075     0.9596079770487872
0.5092592592592593     0.9319602167917427
0.5111111111111111     0.8937520762332641
0.5129629629629631     0.8430877397863957
0.5148148148148148     0.7787171652994154
0.5166666666666667     0.7007325875803279
0.5185185185185186     0.6112600148417849
0.5203703703703704     0.5148310891799982
0.5222222222222223     0.41804437670701927
0.5240740740740741     0.3282796039274875
0.525925925925926      0.25170232423351
0.5277777777777778     0.1914187617597624
0.5296296296296297     0.14690924622604556
0.5314814814814816     0.11527873802605441
0.5333333333333334     0.09356447116658362
0.5351851851851852     0.08040518672963767
0.537037037037037      0.07592167203396542
0.538888888888889      0.08040518672963767
0.5407407407407409     0.09356447116658362
0.5425925925925926     0.11527873802605669
0.5444444444444445     0.1469092462260474
0.5462962962962963     0.19141876175976083
0.5481481481481482     0.25170232423351
0.5500000000000002     0.32827960392749045
0.5518518518518518     0.41804437670701927
0.5537037037037037     0.5148310891799982
0.5555555555555556     0.6112600148417807
0.5574074074074075     0.7007325875803317
0.5592592592592593     0.7787171652994154
0.5611111111111111     0.8430877397863957
0.562962962962963      0.8937520762332641
0.5648148148148149     0.9319602167917427
0.5666666666666668     0.9596079770487872
0.5685185185185185     0.9786975551923159
0.5703703703703704     0.9909906188751261
0.5722222222222223     0.9978199685378888
0.5740740740740741     1.0000046817261843
0.5759259259259261     0.9978199685378888
0.5777777777777778     0.990990618875126
0.5796296296296296     0.9786975551923159
0.5814814814814816     0.9596079770487873
0.5833333333333334     0.9319602167917428
0.5851851851851851     0.893752076233264
0.5870370370370371     0.8430877397863961
0.5888888888888889     0.7787171652994154
0.5907407407407408     0.700732587580328
0.5925925925925926     0.6112600148417852
0.5944444444444444     0.5148310891799983
0.5962962962962963     0.41804437670701927
0.5981481481481483     0.3282796039274837
0.6000000000000001     0.25170232423351363
0.6018518518518519     0.1914187617597624
0.6037037037037037     0.14690924622604556
0.6055555555555556     0.11527873802605441
0.6074074074074075     0.09356447116658
0.6092592592592592     0.08040518672963767
0.6111111111111112     0.07592167203396542
0.612962962962963      0.08040518672963767
0.6148148148148149     0.09356447116658227
0.6166666666666668     0.11527873802605532
0.6185185185185185     0.14690924622604556
0.6203703703703703     0.19141876175976083
0.6222222222222223     0.2517023242335096
0.6240740740740742     0.32827960392749084
0.625925925925926      0.41804437670702244
0.6277777777777778     0.5148310891799933
0.6296296296296297     0.6112600148417849
0.6314814814814815     0.7007325875803313
0.6333333333333334     0.7787171652994149
0.6351851851851853     0.8430877397863983
0.6370370370370371     0.8937520762332641
0.638888888888889      0.9319602167917426
0.6407407407407408     0.9596079770487872
0.6425925925925926     0.9786975551923159
0.6444444444444445     0.9909906188751264
0.6462962962962963     0.9978199685378885
0.6481481481481483     1.0000046817261843
0.65                   0.9978199685378888
0.6518518518518519     0.990990618875126
0.6537037037037038     0.9786975551923153
0.6555555555555556     0.9596079770487881
0.6574074074074074     0.9319602167917428
0.6592592592592593     0.8937520762332644
0.6611111111111112     0.8430877397863958
0.6629629629629631     0.7787171652994119
0.6648148148148149     0.700732587580332
0.6666666666666666     0.6112600148417853
0.6685185185185185     0.5148310891799994
0.6703703703703705     0.41804437670701894
0.6722222222222224     0.3282796039274832
0.6740740740740742     0.2517023242335123
0.6759259259259259     0.19141876175976402
0.6777777777777778     0.14690924622604556
0.6796296296296297     0.11527873802605487
0.6814814814814817     0.09356447116658317
0.6833333333333332     0.08040518672963767
0.6851851851851852     0.07592167203396542
0.6870370370370371     0.08040518672963767
0.688888888888889      0.09356447116658227
0.6907407407407408     0.11527873802605532
0.6925925925925925     0.14690924622604604
0.6944444444444444     0.19141876175975991
0.6962962962962964     0.2517023242335098
0.6981481481481483     0.32827960392748967
0.7000000000000001     0.4180443767070223
0.7018518518518518     0.5148310891799933
0.7037037037037037     0.6112600148417806
0.7055555555555556     0.7007325875803315
0.7074074074074075     0.7787171652994154
0.7092592592592594     0.8430877397863984
0.7111111111111112     0.893752076233266
0.712962962962963      0.9319602167917425
0.7148148148148149     0.9596079770487872
0.7166666666666667     0.9786975551923159
0.7185185185185187     0.9909906188751264
0.7203703703703705     0.9978199685378889
0.7222222222222223     1.0000046817261843
0.7240740740740741     0.9978199685378888
0.725925925925926      0.990990618875126
0.7277777777777779     0.9786975551923153
0.7296296296296299     0.9596079770487863
0.7314814814814815     0.9319602167917429
0.7333333333333334     0.8937520762332644
0.7351851851851853     0.8430877397863963
0.7370370370370372     0.7787171652994124
0.738888888888889      0.7007325875803283
0.7407407407407407     0.6112600148417854
0.7425925925925926     0.5148310891799994
0.7444444444444446     0.41804437670701916
0.7462962962962965     0.3282796039274832
0.7481481481481482     0.2517023242335075
0.75                   0.1914187617597624
0.7518518518518519     0.14690924622604512
0.7537037037037038     0.11527873802605487
0.7555555555555556     0.09356447116658317
0.7574074074074075     0.08040518672963497
0.7592592592592593     0.07592167203396542
0.7611111111111112     0.08040518672963767
0.7629629629629631     0.09356447116658453
0.7648148148148148     0.11527873802605487
0.7666666666666668     0.1469092462260492
0.7685185185185186     0.1914187617597622
0.7703703703703705     0.2517023242335098
0.7722222222222223     0.32827960392748967
0.7740740740740741     0.41804437670701877
0.775925925925926      0.5148310891800024
0.7777777777777778     0.6112600148417852
0.7796296296296298     0.7000662558285229
0.7814814814814816     0.7763245296557746
0.7833333333333334     0.8384948946691805
0.7851851851851853     0.8869570552182992
0.7870370370370371     0.9232271230909694
0.7888888888888889     0.9492694576258136
0.7907407407407407     0.9670128027064302
0.7925925925925927     0.9780662862273405
0.7944444444444446     0.9835831393023908
0.7962962962962964     0.984215113262963
0.7981481481481482     0.9801153275130515
0.8                    0.970967317125449
0.8018518518518519     0.9560369328422141
0.8037037037037039     0.9342591495117945
0.8055555555555556     0.9043819907193148
0.8074074074074075     0.8651911577371731
0.8092592592592593     0.8158258065470932
0.8111111111111112     0.7561626376023086
0.8129629629629631     0.6871928049136468
0.8148148148148148     0.6112600148417889
0.8166666666666668     0.5320043789351223
0.8185185185185186     0.4539098109114265
0.8203703703703705     0.38150219597472734
0.8222222222222223     0.31844190919299376
0.8240740740740741     0.26687389652080645
0.825925925925926      0.22731824825729463
0.827777777777778      0.19910720268825208
0.8296296296296297     0.18108177726148109
0.8314814814814816     0.17218094626798014
0.8333333333333334     0.17173784855015767
0.8351851851851853     0.17954337713547572
0.8370370370370371     0.19581146666689908
0.838888888888889      0.22106712840326107
0.8407407407407409     0.25587694361794805
0.8425925925925927     0.3004083420077604
0.8444444444444446     0.35397256654700726
0.8462962962962963     0.41478880430534454
0.8481481481481482     0.4801120857208489
0.8500000000000001     0.5466761265307919
0.8518518518518519     0.6112600148417815
0.8537037037037039     0.671171015476887
0.8555555555555556     0.7245184220845888
0.8574074074074075     0.770261135811477
0.8592592592592594     0.8080866395542531
0.8611111111111112     0.838204317918707
0.8629629629629629     0.8611245562670603
0.8648148148148149     0.8774683183206623
0.8666666666666668     0.8878262407850736
0.8685185185185187     0.8926690199367775
0.8703703703703705     0.8923026289797253
0.8722222222222222     0.8868601876540964
0.8740740740740741     0.8763239779680679
0.8759259259259261     0.860573539216722
0.877777777777778      0.839457101903561
0.8796296296296297     0.8128826400111351
0.8814814814814815     0.7809210707767439
0.8833333333333334     0.7439081525488904
0.8851851851851853     0.7025253239861226
0.8870370370370372     0.6578363562782673
0.888888888888889      0.6112600148417849
0.8907407407407408     0.5644712436976566
0.8925925925925927     0.5192431283719975
0.8944444444444446     0.47726249580089064
0.8962962962962964     0.4399638668882644
0.8981481481481481     0.4084221188188298
0.9                    0.38332379278761614
0.901851851851852      0.3650095436211867
0.9037037037037038     0.3535586425965464
0.9055555555555557     0.3488793180222912
0.9074074074074074     0.3507757948758571
0.9092592592592593     0.3589774335923883
0.9111111111111112     0.37313028903623147
0.9129629629629631     0.3927630768718494
0.914814814814815      0.41724683363822646
0.9166666666666667     0.44576943778659933
0.9185185185185186     0.47734145629751373
0.9203703703703704     0.5108392228036693
0.9222222222222223     0.5450783763694812
0.9240740740740743     0.5789014449739956
0.925925925925926      0.6112600148417845
0.9277777777777778     0.6412757623843682
0.9296296296296297     0.6682724318714947
0.9314814814814816     0.6917790963735548
0.9333333333333335     0.7115110433113251
0.9351851851851852     0.7273373672784774
0.9370370370370371     0.7392442363225181
0.938888888888889      0.7473009105429775
0.9407407407407409     0.7516330377591053
0.9425925925925928     0.7524052953363636
0.9444444444444444     0.7498134547244848
0.9462962962962964     0.7440844872286745
0.9481481481481482     0.7354823381126927
0.9500000000000002     0.7243163902363281
0.951851851851852      0.7109493917236009
0.9537037037037036     0.695801769690309
0.9555555555555556     0.6793498472037361
0.9574074074074076     0.662116525108746
0.9592592592592594     0.6446543704173732
0.9611111111111112     0.6275225190204095
0.962962962962963      0.6112600148417837
0.9648148148148148     0.5963588544290377
0.9666666666666668     0.5832399194250436
0.9685185185185187     0.5722342237412583
0.9703703703703704     0.5635707555653802
0.9722222222222222     0.5573710353040976
0.9740740740740742     0.5536496642416132
0.975925925925926      0.5523197577184019
0.9777777777777779     0.5532021909989459
0.9796296296296299     0.5560378433445659
0.9814814814814816     0.5605022804213778
0.9833333333333334     0.5662224098001489
0.9851851851851853     0.5727945435109563
0.987037037037037      0.5798030837911864
0.988888888888889      0.5868388504889752
0.9907407407407408     0.5935160158642286
0.9925925925925927     0.5994867625161924
0.9944444444444445     0.6044531055618283
0.9962962962962965     0.6081757281507512
0.9981481481481482     0.6104800531118608
1.                     0.6112600148417837
$ENDCOORD
